6.0
1.0
6.0
10.0
6.0
10.0
1.0
10.0
6.0
21.0
11.0
10.0
1.0
16.0
1.0
1.0
6.0
11.0
1.0
12.0
34.0
6.0
10.0
36.0
8.0
16.0
10.0
1.0
1.0
1.0
1.0
2.0
6.0
1.0
1.0
10.0
6.0
11.0
15.0
1.0
6.0
1.0
1.0
9.0
1.0
1.0
12.0
10.0
1.0
21.0
26.0
11.0
57.0
6.0
10.0
1.0
9.0
1.0
7.0
1.0
1.0
1.0
1.0
1.0
10.0
36.0
1.0
6.0
11.0
1.0
1.0
36.0
1.0
16.0
1.0
11.0
10.0
27.0
1.0
1.0
6.0
1.0
1.0
1.0
62.0
9.0
11.0
1.0
12.0
9.0
11.0
6.0
10.0
1.0
7.0
6.0
1.0
9.0
1.0
1.0
1.0
10.0
1.0
12.0
10.0
15.0
1.0
1.0
1.0
20.0
1.0
62.0
10.0
6.0
30.0
5.0
16.0
7.0
1.0
1.0
1.0
9.0
12.0
1.0
10.0
1.0
10.0
11.0
1.0
11.0
7.0
6.0
9.0
1.0
10.0
11.0
1.0
6.0
1.0
1.0
1.0
15.0
9.0
1.0
1.0
11.0
6.0
8.0
10.0
1.0
15.0
1.0
1.0
12.0
12.0
12.0
9.0
10.0
1.0
6.0
15.0
10.0
1.0
6.0
11.0
11.0
1.0
20.0
21.0
18.0
1.0
16.0
12.0
11.0
10.0
12.0
7.0
7.0
9.0
9.0
12.0
1.0
1.0
1.0
7.0
43.0
1.0
9.0
1.0
1.0
6.0
11.0
15.0
6.0
2.0
1.0
12.0
9.0
15.0
12.0
12.0
7.0
6.0
43.0
9.0
1.0
6.0
9.0
1.0
1.0
5.0
12.0
1.0
11.0
6.0
1.0
6.0
6.0
6.0
10.0
1.0
1.0
15.0
12.0
8.0
1.0
1.0
12.0
1.0
6.0
7.0
11.0
1.0
7.0
11.0
1.0
6.0
10.0
1.0
1.0
7.0
36.0
1.0
1.0
10.0
2.0
6.0
11.0
62.0
6.0
1.0
1.0
7.0
21.0
1.0
6.0
10.0
10.0
6.0
3.0
1.0
10.0
6.0
10.0
15.0
10.0
11.0
59.0
27.0
7.0
6.0
1.0
11.0
12.0
7.0
9.0
11.0
10.0
11.0
1.0
9.0
1.0
1.0
16.0
10.0
15.0
6.0
21.0
47.0
1.0
2.0
36.0
11.0
1.0
1.0
10.0
6.0
1.0
9.0
36.0
11.0
6.0
9.0
21.0
18.0
11.0
8.0
1.0
1.0
11.0
1.0
12.0
6.0
7.0
1.0
10.0
1.0
1.0
12.0
11.0
10.0
1.0
12.0
1.0
1.0
1.0
15.0
6.0
8.0
10.0
1.0
1.0
6.0
1.0
2.0
10.0
1.0
1.0
1.0
6.0
1.0
6.0
1.0
1.0
15.0
1.0
10.0
6.0
11.0
1.0
11.0
30.0
15.0
1.0
6.0
1.0
1.0
9.0
10.0
1.0
6.0
1.0
9.0
1.0
7.0
1.0
1.0
7.0
7.0
2.0
9.0
6.0
6.0
9.0
1.0
9.0
1.0
10.0
1.0
30.0
9.0
11.0
11.0
6.0
10.0
12.0
1.0
11.0
6.0
1.0
30.0
2.0
11.0
7.0
9.0
12.0
1.0
21.0
12.0
9.0
1.0
47.0
48.0
25.0
23.0
1.0
10.0
11.0
11.0
1.0
1.0
1.0
6.0
21.0
10.0
11.0
1.0
6.0
1.0
1.0
12.0
16.0
10.0
1.0
6.0
11.0
1.0
11.0
1.0
21.0
7.0
18.0
7.0
2.0
6.0
1.0
1.0
1.0
12.0
1.0
1.0
2.0
1.0
11.0
1.0
11.0
22.0
7.0
43.0
36.0
25.0
59.0
6.0
7.0
12.0
12.0
1.0
12.0
1.0
15.0
11.0
1.0
1.0
2.0
7.0
6.0
6.0
15.0
11.0
9.0
1.0
11.0
12.0
8.0
6.0
10.0
1.0
11.0
1.0
10.0
29.0
6.0
1.0
1.0
11.0
44.0
6.0
6.0
1.0
11.0
18.0
21.0
6.0
21.0
12.0
11.0
6.0
11.0
11.0
8.0
6.0
7.0
48.0
1.0
10.0
1.0
11.0
27.0
1.0
15.0
11.0
6.0
6.0
10.0
11.0
10.0
1.0
6.0
1.0
12.0
10.0
1.0
12.0
1.0
12.0
11.0
10.0
1.0
1.0
9.0
11.0
1.0
15.0
6.0
1.0
1.0
1.0
20.0
11.0
9.0
1.0
12.0
6.0
1.0
1.0
11.0
7.0
12.0
1.0
2.0
21.0
11.0
1.0
1.0
10.0
6.0
12.0
10.0
1.0
12.0
1.0
2.0
1.0
6.0
15.0
15.0
15.0
1.0
1.0
16.0
1.0
1.0
11.0
6.0
8.0
10.0
10.0
6.0
1.0
6.0
6.0
47.0
1.0
1.0
7.0
1.0
1.0
12.0
8.0
6.0
12.0
12.0
11.0
1.0
1.0
10.0
1.0
9.0
1.0
6.0
15.0
11.0
27.0
6.0
2.0
25.0
23.0
48.0
1.0
1.0
10.0
6.0
12.0
1.0
11.0
10.0
1.0
6.0
10.0
1.0
10.0
1.0
30.0
1.0
12.0
6.0
11.0
11.0
30.0
20.0
1.0
6.0
1.0
1.0
10.0
1.0
34.0
1.0
11.0
1.0
1.0
11.0
1.0
1.0
21.0
11.0
10.0
1.0
1.0
1.0
6.0
1.0
1.0
40.0
2.0
6.0
1.0
6.0
1.0
1.0
1.0
6.0
52.0
6.0
10.0
6.0
10.0
1.0
12.0
6.0
1.0
10.0
10.0
1.0
1.0
1.0
12.0
1.0
6.0
8.0
1.0
6.0
30.0
15.0
1.0
11.0
7.0
11.0
25.0
12.0
16.0
1.0
6.0
11.0
10.0
12.0
9.0
1.0
10.0
12.0
1.0
11.0
10.0
1.0
1.0
12.0
1.0
10.0
6.0
1.0
1.0
9.0
1.0
11.0
15.0
7.0
1.0
10.0
1.0
11.0
10.0
12.0
11.0
9.0
10.0
6.0
10.0
6.0
6.0
10.0
9.0
1.0
6.0
1.0
7.0
43.0
15.0
1.0
10.0
7.0
1.0
15.0
10.0
1.0
10.0
1.0
6.0
11.0
12.0
1.0
1.0
10.0
47.0
1.0
10.0
1.0
1.0
9.0
1.0
6.0
2.0
2.0
1.0
1.0
1.0
11.0
6.0
7.0
6.0
1.0
10.0
10.0
1.0
11.0
43.0
15.0
12.0
7.0
1.0
1.0
11.0
1.0
1.0
1.0
1.0
10.0
25.0
6.0
10.0
1.0
9.0
11.0
36.0
1.0
1.0
10.0
16.0
1.0
1.0
10.0
11.0
8.0
11.0
12.0
6.0
6.0
1.0
1.0
1.0
1.0
1.0
9.0
6.0
1.0
4.0
21.0
6.0
44.0
10.0
1.0
1.0
1.0
6.0
10.0
9.0
1.0
11.0
26.0
9.0
1.0
1.0
11.0
12.0
21.0
5.0
6.0
10.0
11.0
7.0
19.0
9.0
47.0
1.0
1.0
12.0
6.0
1.0
11.0
21.0
10.0
1.0
6.0
1.0
20.0
12.0
6.0
1.0
1.0
11.0
1.0
1.0
6.0
11.0
11.0
6.0
10.0
1.0
20.0
1.0
15.0
1.0
1.0
1.0
9.0
1.0
21.0
6.0
15.0
7.0
1.0
1.0
10.0
6.0
21.0
16.0
11.0
1.0
22.0
12.0
1.0
1.0
62.0
1.0
1.0
9.0
1.0
1.0
1.0
15.0
11.0
1.0
1.0
9.0
1.0
11.0
10.0
11.0
10.0
12.0
12.0
6.0
10.0
6.0
12.0
1.0
1.0
11.0
43.0
25.0
12.0
2.0
11.0
6.0
1.0
1.0
11.0
1.0
11.0
1.0
11.0
6.0
15.0
1.0
18.0
40.0
21.0
7.0
1.0
6.0
11.0
1.0
11.0
9.0
1.0
1.0
12.0
8.0
9.0
