6.0
6.0
6.0
6.0
6.0
10.0
1.0
1.0
6.0
6.0
6.0
6.0
1.0
1.0
1.0
1.0
6.0
6.0
1.0
1.0
34.0
34.0
34.0
36.0
36.0
16.0
16.0
1.0
1.0
1.0
1.0
1.0
1.0
1.0
1.0
10.0
6.0
6.0
15.0
1.0
6.0
1.0
1.0
9.0
9.0
1.0
12.0
10.0
10.0
21.0
21.0
11.0
11.0
11.0
10.0
1.0
1.0
1.0
7.0
1.0
1.0
1.0
1.0
1.0
1.0
36.0
1.0
6.0
6.0
6.0
1.0
36.0
1.0
1.0
1.0
11.0
10.0
27.0
1.0
1.0
1.0
1.0
1.0
1.0
62.0
62.0
11.0
1.0
1.0
9.0
9.0
9.0
10.0
1.0
7.0
6.0
1.0
9.0
9.0
1.0
1.0
10.0
1.0
1.0
10.0
15.0
1.0
1.0
1.0
20.0
1.0
62.0
10.0
10.0
30.0
30.0
16.0
7.0
1.0
1.0
1.0
9.0
12.0
1.0
10.0
1.0
1.0
11.0
1.0
1.0
7.0
6.0
9.0
9.0
10.0
11.0
1.0
1.0
1.0
1.0
1.0
15.0
9.0
9.0
1.0
11.0
11.0
11.0
10.0
1.0
15.0
1.0
1.0
12.0
12.0
12.0
9.0
9.0
1.0
6.0
15.0
10.0
1.0
1.0
1.0
11.0
11.0
20.0
21.0
21.0
1.0
16.0
12.0
11.0
11.0
12.0
7.0
7.0
9.0
9.0
12.0
12.0
1.0
1.0
7.0
7.0
1.0
1.0
1.0
1.0
6.0
6.0
15.0
6.0
2.0
1.0
12.0
12.0
12.0
12.0
12.0
12.0
12.0
12.0
9.0
9.0
6.0
6.0
1.0
1.0
1.0
12.0
1.0
11.0
6.0
1.0
6.0
6.0
6.0
10.0
1.0
1.0
15.0
15.0
8.0
1.0
1.0
12.0
1.0
6.0
7.0
7.0
1.0
1.0
11.0
11.0
11.0
11.0
1.0
1.0
7.0
36.0
1.0
1.0
10.0
2.0
6.0
6.0
6.0
6.0
6.0
1.0
7.0
7.0
1.0
6.0
10.0
10.0
6.0
6.0
1.0
1.0
6.0
10.0
15.0
10.0
11.0
11.0
11.0
7.0
6.0
1.0
11.0
11.0
11.0
11.0
11.0
11.0
11.0
1.0
9.0
9.0
1.0
1.0
10.0
10.0
10.0
21.0
21.0
1.0
2.0
2.0
2.0
1.0
1.0
1.0
1.0
1.0
1.0
36.0
36.0
6.0
6.0
21.0
21.0
11.0
11.0
1.0
1.0
11.0
1.0
1.0
6.0
6.0
1.0
1.0
1.0
1.0
12.0
11.0
11.0
1.0
12.0
1.0
1.0
1.0
1.0
6.0
6.0
6.0
1.0
1.0
1.0
1.0
2.0
2.0
1.0
1.0
1.0
6.0
1.0
6.0
1.0
1.0
15.0
1.0
1.0
6.0
6.0
1.0
11.0
11.0
11.0
1.0
6.0
1.0
1.0
1.0
10.0
1.0
6.0
1.0
1.0
1.0
7.0
7.0
1.0
7.0
7.0
2.0
2.0
2.0
6.0
9.0
9.0
9.0
9.0
10.0
1.0
30.0
9.0
11.0
11.0
11.0
11.0
12.0
1.0
1.0
6.0
6.0
30.0
2.0
11.0
11.0
9.0
9.0
1.0
1.0
1.0
9.0
9.0
47.0
47.0
47.0
47.0
1.0
10.0
10.0
11.0
11.0
1.0
1.0
1.0
21.0
10.0
10.0
1.0
6.0
1.0
1.0
12.0
16.0
10.0
10.0
6.0
6.0
1.0
11.0
11.0
21.0
21.0
21.0
7.0
2.0
2.0
1.0
1.0
1.0
1.0
1.0
1.0
2.0
2.0
2.0
1.0
1.0
1.0
7.0
43.0
43.0
43.0
59.0
6.0
6.0
12.0
12.0
1.0
12.0
12.0
15.0
11.0
1.0
1.0
2.0
7.0
6.0
6.0
6.0
6.0
9.0
9.0
11.0
11.0
11.0
6.0
6.0
1.0
1.0
1.0
10.0
10.0
10.0
1.0
1.0
11.0
11.0
11.0
6.0
6.0
11.0
11.0
11.0
6.0
6.0
12.0
12.0
6.0
6.0
11.0
11.0
11.0
7.0
48.0
1.0
10.0
1.0
11.0
11.0
1.0
1.0
11.0
11.0
6.0
10.0
11.0
10.0
10.0
10.0
1.0
1.0
1.0
1.0
12.0
1.0
1.0
11.0
11.0
1.0
1.0
9.0
9.0
1.0
1.0
6.0
6.0
1.0
1.0
20.0
20.0
9.0
9.0
12.0
12.0
1.0
1.0
11.0
7.0
7.0
1.0
2.0
21.0
11.0
1.0
1.0
10.0
10.0
10.0
10.0
1.0
12.0
12.0
2.0
1.0
1.0
1.0
15.0
15.0
1.0
1.0
16.0
16.0
1.0
11.0
11.0
11.0
11.0
10.0
6.0
1.0
1.0
6.0
47.0
1.0
1.0
1.0
1.0
1.0
12.0
12.0
12.0
12.0
12.0
11.0
1.0
1.0
10.0
1.0
9.0
9.0
6.0
15.0
15.0
15.0
6.0
2.0
25.0
23.0
23.0
1.0
1.0
10.0
10.0
12.0
12.0
11.0
10.0
10.0
6.0
6.0
1.0
10.0
10.0
30.0
1.0
12.0
12.0
12.0
11.0
11.0
11.0
1.0
1.0
1.0
1.0
10.0
1.0
34.0
1.0
11.0
1.0
1.0
11.0
1.0
1.0
1.0
1.0
1.0
1.0
1.0
1.0
6.0
1.0
1.0
40.0
2.0
2.0
1.0
6.0
1.0
1.0
1.0
6.0
6.0
6.0
10.0
10.0
10.0
1.0
12.0
6.0
1.0
1.0
10.0
10.0
1.0
1.0
1.0
1.0
6.0
6.0
1.0
6.0
6.0
6.0
1.0
11.0
11.0
11.0
25.0
12.0
16.0
1.0
6.0
6.0
6.0
12.0
9.0
9.0
10.0
10.0
1.0
1.0
10.0
1.0
1.0
12.0
1.0
10.0
6.0
1.0
1.0
9.0
1.0
11.0
15.0
15.0
15.0
10.0
1.0
1.0
1.0
12.0
11.0
9.0
9.0
6.0
6.0
6.0
6.0
10.0
9.0
9.0
6.0
6.0
7.0
43.0
43.0
1.0
1.0
7.0
1.0
15.0
10.0
1.0
1.0
1.0
6.0
6.0
6.0
1.0
1.0
10.0
10.0
1.0
1.0
1.0
1.0
9.0
9.0
9.0
2.0
2.0
1.0
1.0
1.0
1.0
6.0
7.0
6.0
1.0
10.0
10.0
1.0
1.0
43.0
43.0
12.0
12.0
1.0
1.0
11.0
1.0
1.0
1.0
1.0
1.0
25.0
6.0
6.0
1.0
1.0
11.0
11.0
1.0
1.0
10.0
16.0
16.0
1.0
10.0
10.0
8.0
8.0
8.0
6.0
6.0
1.0
1.0
1.0
1.0
1.0
1.0
6.0
6.0
4.0
21.0
21.0
21.0
10.0
1.0
1.0
1.0
6.0
6.0
6.0
1.0
11.0
11.0
9.0
9.0
1.0
11.0
11.0
11.0
11.0
11.0
11.0
11.0
11.0
11.0
9.0
47.0
1.0
1.0
12.0
12.0
1.0
11.0
11.0
11.0
1.0
1.0
1.0
20.0
12.0
6.0
6.0
1.0
1.0
1.0
1.0
6.0
11.0
11.0
6.0
6.0
6.0
20.0
1.0
15.0
1.0
1.0
1.0
1.0
1.0
21.0
6.0
6.0
6.0
1.0
1.0
10.0
10.0
10.0
10.0
10.0
1.0
1.0
12.0
1.0
1.0
1.0
1.0
1.0
1.0
1.0
1.0
1.0
15.0
15.0
1.0
1.0
1.0
1.0
1.0
1.0
11.0
11.0
11.0
12.0
6.0
10.0
6.0
6.0
1.0
1.0
11.0
43.0
43.0
12.0
2.0
11.0
6.0
6.0
1.0
1.0
1.0
11.0
1.0
1.0
1.0
1.0
1.0
18.0
18.0
18.0
7.0
1.0
6.0
6.0
1.0
11.0
11.0
1.0
1.0
1.0
1.0
9.0
