1
2
3
4
5
6
7
7
8
3
1
6
1
9
1
8
10
7
11
8
12
12
10
13
1
11
8
14
2
14
15
15
15
1
10
15
15
1
16
16
1
8
17
18
1
1
10
10
10
1
1
1
1
7
1
19
6
7
20
20
2
2
1
6
5
10
21
9
1
12
6
8
20
11
10
22
11
10
18
23
7
11
24
1
6
9
1
1
7
4
25
1
9
11
6
11
8
1
11
26
6
1
7
10
9
1
1
27
1
15
28
15
15
15
15
1
16
10
15
16
1
9
7
1
10
1
10
29
11
1
10
6
7
16
1
30
15
31
10
1
7
15
2
6
10
1
10
27
20
15
32
1
1
10
10
6
10
1
9
6
7
33
34
1
9
1
1
1
35
35
20
15
15
1
9
1
15
15
15
15
16
1
36
2
9
1
1
30
14
2
37
38
39
10
2
7
11
1
9
10
40
21
40
21
10
6
2
8
11
1
6
1
1
1
21
34
1
23
7
36
1
2
11
41
11
42
33
25
43
1
1
11
8
1
1
11
10
10
11
9
6
1
1
9
10
8
9
11
21
9
12
8
11
34
42
1
11
11
8
6
9
8
1
10
12
12
1
7
26
2
5
19
15
1
44
2
25
18
8
45
1
9
12
25
43
1
12
12
12
21
2
5
1
1
7
12
12
12
1
6
2
21
6
10
6
18
20
1
1
2
2
12
6
27
1
9
10
1
1
9
10
46
1
7
6
10
9
1
10
16
1
21
1
1
47
47
48
1
9
7
4
12
1
10
7
1
11
1
16
1
7
20
11
7
12
1
1
18
8
9
12
6
2
1
7
7
7
20
1
1
9
1
7
15
6
21
7
8
20
1
49
1
37
15
20
1
11
3
2
1
6
50
1
11
8
6
47
1
1
9
1
9
1
1
1
1
22
44
6
6
20
12
12
12
9
6
1
8
12
21
40
34
1
9
1
1
6
7
15
1
15
1
9
1
9
51
1
12
6
34
6
1
32
15
10
1
16
10
11
2
18
11
16
1
25
43
11
7
7
7
11
10
15
10
15
15
15
15
10
15
1
16
16
16
1
1
11
43
52
1
9
23
48
12
1
11
15
1
7
1
1
6
21
40
53
15
15
15
15
15
15
15
15
15
15
49
10
10
12
15
15
16
16
1
7
7
6
10
12
10
14
2
7
11
1
12
10
7
1
9
11
21
26
25
43
2
10
54
11
27
11
27
6
12
12
55
1
1
9
6
11
8
2
7
1
2
2
11
1
11
2
12
10
12
1
1
16
16
10
16
10
21
11
1
1
7
21
11
1
12
11
7
2
11
6
12
10
1
12
13
56
2
1
1
11
8
7
1
2
6
57
11
6
1
12
6
10
2
47
23
12
7
11
8
1
11
16
11
7
7
1
1
9
36
6
34
7
12
27
1
6
9
12
11
12
11
7
6
12
1
1
24
2
11
1
6
21
25
1
10
11
20
20
21
48
1
9
25
41
34
26
10
1
11
19
2
14
11
10
1
7
7
58
1
11
47
15
15
1
9
7
11
11
22
52
44
11
6
10
6
9
29
20
6
57
42
11
8
11
19
22
2
7
7
7
47
26
44
21
18
1
11
8
2
56
1
1
9
4
11
27
9
1
9
5
4
1
7
1
12
36
21
44
11
1
9
10
11
9
1
1
1
1
12
11
7
12
57
2
11
2
11
8
24
20
6
21
43
1
4
12
1
7
11
27
59
60
59
59
24
59
60
10
1
16
6
15
6
10
20
61
56
15
10
1
1
1
1
1
9
1
6
12
10
1
16
1
1
9
1
1
10
1
9
1
1
11
18
43
44
25
1
59
60
62
11
8
2
7
6
47
8
6
12
18
60
11
19
1
1
12
12
6
2
34
1
57
11
57
6
16
1
1
11
6
12
6
1
16
1
9
6
1
11
9
12
1
15
15
15
15
44
52
37
37
37
6
1
10
12
1
1
12
11
41
62
1
19
19
9
6
1
12
8
2
1
16
57
11
7
63
48
11
7
11
7
19
7
11
16
1
49
46
15
15
46
46
46
15
15
15
1
16
15
19
7
7
15
15
16
9
12
12
6
12
36
7
6
20
12
1
57
6
35
39
9
9
12
1
19
3
11
1
19
11
10
11
10
64
21
18
21
21
17
2
2
2
65
65
65
2
10
2
1
1
66
11
7
6
1
1
11
16
30
67
28
15
10
6
39
1
10
11
10
17
12
1
16
16
1
11
11
1
9
1
9
1
12
8
1
1
10
6
19
27
6
11
11
8
11
11
8
25
11
11
11
1
6
1
1
1
16
6
21
21
1
16
1
11
11
21
6
1
18
8
12
1
10
62
56
59
27
68
59
1
27
19
1
7
11
10
8
8
12
6
59
62
6
1
1
1
10
1
1
56
61
23
48
16
22
16
1
1
7
21
61
22
6
7
20
6
7
6
27
7
6
11
2
6
1
12
22
6
6
1
1
10
3
56
55
1
1
10
6
6
9
6
6
6
47
47
47
47
48
69
10
1
9
1
6
10
11
18
12
50
12
24
10
6
27
24
31
70
7
36
1
9
1
11
11
16
1
62
62
62
62
6
71
2
2
14
10
1
1
1
11
6
8
18
21
3
10
6
1
1
57
5
4
10
71
2
71
3
66
11
20
10
1
9
11
6
11
1
1
6
11
12
1
16
7
11
2
2
1
6
5
41
72
72
33
42
1
1
12
6
6
6
10
1
9
11
11
1
1
12
7
10
11
27
27
24
59
1
16
26
36
11
11
10
1
10
1
36
17
1
1
5
5
5
10
47
10
1
1
1
16
6
10
15
10
15
15
73
19
1
16
10
1
15
37
31
2
53
10
59
11
1
10
40
15
40
15
74
51
51
16
1
75
21
6
7
69
32
32
1
9
1
19
12
12
12
7
1
1
1
6
6
1
1
16
1
23
7
26
44
19
1
10
10
1
1
1
1
7
22
11
18
8
60
76
59
24
1
1
1
16
6
20
6
6
1
1
1
43
1
46
1
4
10
1
1
1
67
37
15
15
15
6
5
7
7
10
16
1
6
57
6
62
59
7
1
7
25
43
49
16
12
7
26
44
2
1
9
16
1
10
6
2
10
62
1
36
2
10
1
9
34
6
6
10
10
15
7
1
27
60
59
1
6
11
25
48
9
1
1
6
62
6
1
16
1
48
47
47
48
27
6
1
9
10
1
1
1
1
1
1
6
1
11
1
11
10
10
9
11
4
29
7
7
1
10
10
15
15
15
16
1
9
6
11
1
12
11
6
11
11
11
8
7
11
11
8
1
12
6
7
27
10
10
15
10
1
22
6
9
10
6
10
9
10
6
10
15
15
1
16
11
1
1
1
20
1
1
6
44
52
15
15
10
15
15
11
9
53
15
15
10
15
15
15
16
15
10
1
34
32
73
73
15
15
32
10
4
6
20
2
24
6
20
34
32
1
10
67
15
12
12
1
1
6
12
10
6
2
1
15
1
52
52
52
43
40
16
10
6
30
73
1
1
10
10
11
10
9
15
15
54
77
67
15
1
15
74
15
15
15
15
20
15
15
10
20
10
15
1
10
15
15
73
15
20
15
16
1
10
10
15
16
16
16
11
30
15
34
1
15
46
10
9
15
1
10
27
11
6
1
15
46
10
6
15
15
15
1
11
11
8
6
1
6
20
15
15
20
15
16
15
37
38
15
15
15
15
15
16
38
45
1
38
12
1
12
6
11
11
16
59
6
1
1
16
10
8
6
2
12
6
4
12
22
23
23
48
12
10
1
44
30
1
6
11
25
25
43
1
11
11
11
7
11
11
7
7
23
47
48
44
1
7
11
1
7
1
1
1
18
11
2
8
2
1
6
1
7
1
1
1
1
12
10
12
1
6
11
27
7
27
25
11
25
11
1
11
12
6
12
1
48
27
11
10
21
7
6
1
7
12
1
10
15
30
37
15
16
1
16
34
72
34
72
1
69
47
48
16
1
1
1
1
4
11
7
11
7
1
16
1
12
1
6
1
37
15
14
2
15
78
12
1
11
10
15
21
9
10
10
11
4
40
40
4
1
10
1
1
11
9
18
11
35
79
25
26
11
1
1
1
4
45
1
7
1
1
10
6
25
7
11
8
29
27
24
62
1
16
10
10
6
12
73
1
6
1
10
7
1
11
1
1
22
11
1
36
11
7
1
1
10
16
16
1
9
10
10
6
7
6
6
62
19
7
7
20
44
32
21
16
1
7
7
6
1
9
11
1
10
44
69
18
80
1
77
81
4
1
16
1
1
6
57
11
8
8
1
1
10
1
57
5
1
6
9
1
61
30
67
67
6
67
10
1
1
30
12
6
6
6
10
10
1
71
6
36
6
1
16
36
6
11
1
9
11
6
36
44
1
10
2
14
14
65
6
1
11
20
20
1
20
40
6
16
1
10
62
1
18
11
8
59
12
59
1
